405
397
331
151
152
153
155
156
157
159
161
162
164
166
167
169
172
174
176
178
181
186
191
195
200
218
219
228
13
15
14
17
18
16
23
24
29
26
27
49
45
50
51
60
61
69
70
74
75
97
98
109
107
114
115
117
118
1
5
9
8
12
22
242
30
33
56
57
65
77
78
101
105
110
112
121
119
123
125
126
130
128
160
163
165
168
171
335
396
401
402
417
390
332
407
389
388
333
391
365
336
404
324
392
325
384
385
410
348
350
400
323
327
381
366
367
368
369
370
371
372
373
374
375
376
377
413
414
412
411
398
322
342
345
334
395
408
409
330
321
344
340
337
416
406
415
403
326
399
361
382
349
387
339
341
363
362
360
356
354
357
338
364
359
355
358
320
394
393
329
353
386
383
347
352

